# transform file /usr/local/freesurfer/subjects/3055/mri/transforms/cc_up.lta
# created by ubuntu on Wed Feb 28 10:52:36 2018

type      = 0 # LINEAR_VOX_TO_VOX
nxforms   = 1
mean      = 129.0000 121.0000 121.0000
sigma     = 10000.0000
1 4 4
9.996106624603271e-01 -1.687385886907578e-02 2.222657203674316e-02 -3.894665241241455e-01 
1.686968840658665e-02 9.998577237129211e-01 3.751014301087707e-04 2.681917190551758e+01 
-2.222973667085171e-02 -2.910383392618066e-11 9.997529983520508e-01 1.386341381072998e+01 
0.000000000000000e+00 0.000000000000000e+00 0.000000000000000e+00 1.000000000000000e+00 
src volume info
valid = 1  # volume info valid
filename = /usr/local/freesurfer/subjects/3055/mri/norm.mgz
volume = 256 256 256
voxelsize = 1.000000000000000e+00 1.000000000000000e+00 1.000000000000000e+00
xras   = -1.000000000000000e+00 0.000000000000000e+00 0.000000000000000e+00
yras   = 0.000000000000000e+00 0.000000000000000e+00 -1.000000000000000e+00
zras   = 0.000000000000000e+00 1.000000000000000e+00 0.000000000000000e+00
cras   = 2.309128417968750e+02 2.999347534179688e+02 5.128612060546875e+02
dst volume info
valid = 1  # volume info valid
filename = /usr/local/freesurfer/subjects/3055/mri/norm.mgz
volume = 256 256 256
voxelsize = 1.000000000000000e+00 1.000000000000000e+00 1.000000000000000e+00
xras   = -1.000000000000000e+00 0.000000000000000e+00 0.000000000000000e+00
yras   = 0.000000000000000e+00 0.000000000000000e+00 -1.000000000000000e+00
zras   = 0.000000000000000e+00 1.000000000000000e+00 0.000000000000000e+00
cras   = 2.309128417968750e+02 2.999347534179688e+02 5.128612060546875e+02
