# transform file /usr/local/freesurfer/subjects/3083/mri/transforms/cc_up.lta
# created by ubuntu on Wed Feb 28 12:05:16 2018

type      = 0 # LINEAR_VOX_TO_VOX
nxforms   = 1
mean      = 128.0000 101.0000 110.0000
sigma     = 10000.0000
1 4 4
9.992966651916504e-01 -3.713031858205795e-02 5.262500606477261e-03 1.850206732749939e+00 
3.712980449199677e-02 9.993104934692383e-01 1.955331390490755e-04 4.826104354858398e+01 
-5.266131833195686e-03 1.455191696309033e-11 9.999862313270569e-01 2.767806816101074e+01 
0.000000000000000e+00 0.000000000000000e+00 0.000000000000000e+00 1.000000000000000e+00 
src volume info
valid = 1  # volume info valid
filename = /usr/local/freesurfer/subjects/3083/mri/norm.mgz
volume = 256 256 256
voxelsize = 1.000000000000000e+00 1.000000000000000e+00 1.000000000000000e+00
xras   = -1.000000000000000e+00 0.000000000000000e+00 0.000000000000000e+00
yras   = 0.000000000000000e+00 0.000000000000000e+00 -1.000000000000000e+00
zras   = 0.000000000000000e+00 1.000000000000000e+00 0.000000000000000e+00
cras   = 1.944509124755859e+02 2.977761840820312e+02 5.186279907226562e+02
dst volume info
valid = 1  # volume info valid
filename = /usr/local/freesurfer/subjects/3083/mri/norm.mgz
volume = 256 256 256
voxelsize = 1.000000000000000e+00 1.000000000000000e+00 1.000000000000000e+00
xras   = -1.000000000000000e+00 0.000000000000000e+00 0.000000000000000e+00
yras   = 0.000000000000000e+00 0.000000000000000e+00 -1.000000000000000e+00
zras   = 0.000000000000000e+00 1.000000000000000e+00 0.000000000000000e+00
cras   = 1.944509124755859e+02 2.977761840820312e+02 5.186279907226562e+02
