# transform file /usr/local/freesurfer/subjects/3002/mri/transforms/cc_up.lta
# created by ubuntu on Wed Feb 28 11:23:11 2018

type      = 0 # LINEAR_VOX_TO_VOX
nxforms   = 1
mean      = 131.0000 116.0000 124.0000
sigma     = 10000.0000
1 4 4
9.967511892318726e-01 7.844130694866180e-02 1.827635616064072e-02 -1.363086318969727e+01 
-7.842812687158585e-02 9.969186782836914e-01 -1.438052393496037e-03 4.184424591064453e+01 
-1.833284646272659e-02 0.000000000000000e+00 9.998319745063782e-01 7.444337368011475e+00 
0.000000000000000e+00 0.000000000000000e+00 0.000000000000000e+00 1.000000000000000e+00 
src volume info
valid = 1  # volume info valid
filename = /usr/local/freesurfer/subjects/3002/mri/norm.mgz
volume = 256 256 256
voxelsize = 1.000000000000000e+00 1.000000000000000e+00 1.000000000000000e+00
xras   = -1.000000000000000e+00 0.000000000000000e+00 0.000000000000000e+00
yras   = 0.000000000000000e+00 0.000000000000000e+00 -1.000000000000000e+00
zras   = 0.000000000000000e+00 1.000000000000000e+00 0.000000000000000e+00
cras   = 2.173509826660156e+02 2.968999938964844e+02 5.347330322265625e+02
dst volume info
valid = 1  # volume info valid
filename = /usr/local/freesurfer/subjects/3002/mri/norm.mgz
volume = 256 256 256
voxelsize = 1.000000000000000e+00 1.000000000000000e+00 1.000000000000000e+00
xras   = -1.000000000000000e+00 0.000000000000000e+00 0.000000000000000e+00
yras   = 0.000000000000000e+00 0.000000000000000e+00 -1.000000000000000e+00
zras   = 0.000000000000000e+00 1.000000000000000e+00 0.000000000000000e+00
cras   = 2.173509826660156e+02 2.968999938964844e+02 5.347330322265625e+02
