# transform file /usr/local/freesurfer/subjects/3068/mri/transforms/cc_up.lta
# created by ubuntu on Wed Feb 28 11:17:48 2018

type      = 0 # LINEAR_VOX_TO_VOX
nxforms   = 1
mean      = 129.0000 97.0000 115.0000
sigma     = 10000.0000
1 4 4
9.998248219490051e-01 1.407080143690109e-02 1.234308723360300e-02 -3.265291452407837e+00 
-1.406972948461771e-02 9.999009966850281e-01 -1.736943231662735e-04 5.583986282348633e+01 
-1.234430912882090e-02 0.000000000000000e+00 9.999237656593323e-01 2.860010910034180e+01 
0.000000000000000e+00 0.000000000000000e+00 0.000000000000000e+00 1.000000000000000e+00 
src volume info
valid = 1  # volume info valid
filename = /usr/local/freesurfer/subjects/3068/mri/norm.mgz
volume = 256 256 256
voxelsize = 1.000000000000000e+00 1.000000000000000e+00 1.000000000000000e+00
xras   = -1.000000000000000e+00 0.000000000000000e+00 0.000000000000000e+00
yras   = 0.000000000000000e+00 0.000000000000000e+00 -1.000000000000000e+00
zras   = 0.000000000000000e+00 1.000000000000000e+00 0.000000000000000e+00
cras   = 1.873351745605469e+02 2.809039306640625e+02 5.198148193359375e+02
dst volume info
valid = 1  # volume info valid
filename = /usr/local/freesurfer/subjects/3068/mri/norm.mgz
volume = 256 256 256
voxelsize = 1.000000000000000e+00 1.000000000000000e+00 1.000000000000000e+00
xras   = -1.000000000000000e+00 0.000000000000000e+00 0.000000000000000e+00
yras   = 0.000000000000000e+00 0.000000000000000e+00 -1.000000000000000e+00
zras   = 0.000000000000000e+00 1.000000000000000e+00 0.000000000000000e+00
cras   = 1.873351745605469e+02 2.809039306640625e+02 5.198148193359375e+02
