# transform file /usr/local/freesurfer/subjects/3060/mri/transforms/cc_up.lta
# created by ubuntu on Wed Feb 28 11:33:33 2018

type      = 0 # LINEAR_VOX_TO_VOX
nxforms   = 1
mean      = 128.0000 117.0000 111.0000
sigma     = 10000.0000
1 4 4
9.984235763549805e-01 -2.328860200941563e-02 -5.106895416975021e-02 6.326420307159424e+00 
2.325819618999958e-02 9.997287988662720e-01 -1.189647242426872e-03 2.316124725341797e+01 
5.108280852437019e-02 1.164153218269348e-10 9.986944198608398e-01 2.658019447326660e+01 
0.000000000000000e+00 0.000000000000000e+00 0.000000000000000e+00 1.000000000000000e+00 
src volume info
valid = 1  # volume info valid
filename = /usr/local/freesurfer/subjects/3060/mri/norm.mgz
volume = 256 256 256
voxelsize = 1.000000000000000e+00 1.000000000000000e+00 1.000000000000000e+00
xras   = -1.000000000000000e+00 0.000000000000000e+00 0.000000000000000e+00
yras   = 0.000000000000000e+00 0.000000000000000e+00 -1.000000000000000e+00
zras   = 0.000000000000000e+00 1.000000000000000e+00 0.000000000000000e+00
cras   = 2.331207733154297e+02 2.906575317382812e+02 5.234848632812500e+02
dst volume info
valid = 1  # volume info valid
filename = /usr/local/freesurfer/subjects/3060/mri/norm.mgz
volume = 256 256 256
voxelsize = 1.000000000000000e+00 1.000000000000000e+00 1.000000000000000e+00
xras   = -1.000000000000000e+00 0.000000000000000e+00 0.000000000000000e+00
yras   = 0.000000000000000e+00 0.000000000000000e+00 -1.000000000000000e+00
zras   = 0.000000000000000e+00 1.000000000000000e+00 0.000000000000000e+00
cras   = 2.331207733154297e+02 2.906575317382812e+02 5.234848632812500e+02
